0.000000
0.000000
0.000000
0.000000
0.000000
0.000000
0.000000
0.000000
0.000000
0.000000
0.015254
0.000000
0.000000
0.000000
0.000000
0.000000
0.000000
0.000000
0.000000
0.000000
0.000000
0.000000
0.000000
0.000000
0.000000
0.000000
0.000000
0.000000
0.000000
0.000000
0.000000
0.000000
0.202238
0.001673
0.000239
0.000000
0.000000
0.000000
0.000000
0.009495
0.000175
0.000175
0.000005
0.000000
0.014758
0.001587
0.010523
0.000177
0.000120
0.000383
0.000309
0.000103
0.000107
0.000194
0.000097
0.000080
0.000103
0.000156
0.001108
0.000041
0.000356
0.000061
0.000356
0.001149
0.000001
0.002230
0.001148
0.000365
0.000320
0.000252
0.000411
0.000465
0.001196
0.002751
0.000259
0.000476
0.000429
0.001450
0.000872
0.000396
0.000889
0.000067
0.000449
0.001038
0.002317
0.000081
0.000309
0.001041
0.000008
0.000621
0.000020
0.000159
0.000000
0.000159
0.000002
0.000001
0.000507
0.059751
0.009949
0.017514
0.032332
0.090710
0.014173
0.016188
0.044769
0.048456
0.000525
0.007212
0.029640
0.016625
0.051654
0.054859
0.012683
0.000661
0.042711
0.044012
0.065090
0.019495
0.008249
0.015443
0.001122
0.013163
0.001262
0.000001
0.000000
0.000000
0.000000
0.000000
0.000000
0.000000
0.000000
0.000000
0.000000
0.000000
0.000000
0.000000
0.000000
0.000000
0.000000
0.000000
0.000000
0.000000
0.000000
0.000000
0.000000
0.000000
0.000000
0.000000
0.000000
0.000000
0.000000
0.000000
0.000000
0.000000
0.000000
0.000000
0.000000
0.000000
0.000000
0.000000
0.000000
0.000000
0.000000
0.000000
0.000000
0.000000
0.000000
0.000000
0.000000
0.000000
0.000000
0.000000
0.000000
0.000000
0.000000
0.000000
0.000000
0.000000
0.000000
0.000000
0.000000
0.000000
0.000000
0.000000
0.000000
0.000000
0.000000
0.000000
0.000000
0.000000
0.000000
0.000000
0.000000
0.000000
0.000000
0.000000
0.000000
0.000000
0.000000
0.000000
0.000000
0.000000
0.000000
0.000000
0.000000
0.000001
0.000001
0.000001
0.000000
0.000000
0.000000
0.000000
0.000000
0.000000
0.000000
0.000000
0.000000
0.000000
0.000000
0.000000
0.000000
0.000000
0.000000
0.000000
0.000001
0.000000
0.000000
0.000000
0.000000
0.000004
0.000000
0.000000
0.000002
0.000000
0.000001
0.000002
0.000000
0.000002
0.000003
0.000001
0.000001
0.000002
0.000007
0.000001
0.000000
0.000000
0.000001
0.000001
0.000000
0.000000
0.000000
0.000000
0.000001
0.000001
0.000000
0.000002
