0.000000
0.000000
0.000000
0.000000
0.000000
0.000000
0.000000
0.000000
0.000000
0.000000
0.015531
0.000000
0.000000
0.000000
0.000000
0.000000
0.000000
0.000000
0.000000
0.000000
0.000000
0.000000
0.000000
0.000000
0.000000
0.000000
0.000000
0.000000
0.000000
0.000000
0.000000
0.000000
0.192412
0.001827
0.000943
0.000000
0.000000
0.000000
0.000010
0.000000
0.000053
0.000053
0.000005
0.000000
0.019965
0.014844
0.010106
0.000191
0.000084
0.000099
0.000158
0.000051
0.000039
0.000063
0.000022
0.000027
0.000033
0.000041
0.001058
0.000032
0.000406
0.000170
0.000406
0.001355
0.000005
0.000075
0.000004
0.000011
0.000004
0.000059
0.000001
0.000016
0.000004
0.000054
0.000000
0.000004
0.000051
0.000018
0.000101
0.000073
0.000049
0.000000
0.000002
0.000010
0.000057
0.000047
0.000038
0.000005
0.000000
0.000005
0.000000
0.000000
0.000000
0.000000
0.000000
0.000005
0.000000
0.000203
0.000028
0.000032
0.000053
0.000155
0.000037
0.000052
0.000169
0.000095
0.000022
0.000005
0.000131
0.000104
0.000084
0.000067
0.000037
0.000000
0.000123
0.000064
0.000142
0.000106
0.000012
0.000017
0.000006
0.000014
0.000002
0.000000
0.000000
0.000000
0.000000
0.000000
0.000000
0.000000
0.000000
0.000000
0.000000
0.000000
0.000000
0.000000
0.000000
0.000000
0.000000
0.000000
0.000000
0.000000
0.000000
0.000000
0.000000
0.000000
0.000000
0.000000
0.000000
0.000000
0.000000
0.000000
0.000000
0.000000
0.000000
0.000000
0.000000
0.000000
0.000000
0.000000
0.000000
0.000000
0.000000
0.000000
0.000000
0.000000
0.000000
0.000000
0.000000
0.000000
0.000000
0.000000
0.000000
0.000000
0.000000
0.000000
0.000000
0.000000
0.000000
0.000000
0.000000
0.000000
0.000000
0.000000
0.000000
0.000000
0.000000
0.000000
0.000000
0.000000
0.000000
0.000000
0.001269
0.000711
0.001757
0.000480
0.000602
0.000250
0.000059
0.000235
0.001569
0.000000
0.001117
0.000367
0.001424
0.001902
0.000891
0.001568
0.000362
0.001007
0.000852
0.000218
0.000178
0.000079
0.000011
0.000290
0.000054
0.000005
0.000000
0.000000
0.000002
0.000270
0.000000
0.000424
0.062444
0.010710
0.032976
0.013648
0.020128
0.059711
0.006585
0.012873
0.048922
0.008648
0.025866
0.038386
0.020712
0.045390
0.080709
0.019398
0.034650
0.036376
0.043637
0.021946
0.001415
0.005990
0.002440
0.011439
0.006385
0.002604
0.000237
0.012757
0.013099
0.001997
0.003894
0.013638
